Original 10x10 from https://medium.com/100-days-of-algorithms/day-63-zig-zag-51a41127f31

0,  1,  5,  6, 14, 15, 27, 28, 44, 45
2,  4,  7, 13, 16, 26, 29, 43, 46, 63
3,  8, 12, 17, 25, 30, 42, 47, 62, 64
9, 11, 18, 24, 31, 41, 48, 61, 65, 78
0, 19, 23, 32, 40, 49, 60, 66, 77, 79
0, 22, 33, 39, 50, 59, 67, 76, 80, 89
1, 34, 38, 51, 58, 68, 75, 81, 88, 90
5, 37, 52, 57, 69, 74, 82, 87, 91, 96
6, 53, 56, 70, 73, 83, 86, 92, 95, 97
4, 55, 71, 72, 84, 85, 93, 94, 98, 99

Hand-modified 8x8 - map from matrix to array

0,   1,  5,  6, 14, 15, 27, 28,
2,   4,  7, 13, 16, 26, 29, 42,
3,   8, 12, 17, 25, 30, 41, 43,
9,  11, 18, 24, 31, 40, 44, 53,
10, 19, 23, 32, 39, 45, 52, 54,
20, 22, 33, 38, 46, 51, 55, 60,
21, 34, 37, 47, 50, 56, 59, 61,
35, 36, 48, 49, 57, 58, 62, 63